234
3
234
24
3
56
13
34543
312
131
3453
2
6654
346
6
742
2
4543
1234
8
456
8
24
2
45
7
23
83445
353
567
343
87
254
849
141
56865
5654
86798
244
990345
5
79
36
34
3535
1
5
79
6756
0
456
354
37
4
6
67
657
54
25
65
45
645
6
45
455
6
456
45
8
4
213
22
312
12
12
4543
54
324
2
4
24
57
454
57
73
546
34
5
4
7
55
425
925
92
5
6
5
8
37
568
367
3
42
5
67
45
4
425
11
6
47
45
4
222
2
32
43
3
6
87
87
24323
3
45
4
56
5
36
46
684
624
32423
35631
311
375
5672
4345
25436344
24
3658
4556
3
524
6765
9
67
99
56
646
456756
365
45654
4654
45647
67
57
567
3
53
54
6
47
45
6
45
64
6
745
7
546
74
56
74
57
45
67
54
711
657
55345
73434
456
35
4445
546
36
54
6546
36
35412
141
7546
74
695454
23545
9
46
4
812
213
123
1232
3423
23535
463
63
47548
67
8
68
123
35
22
3501
11313
2323
0132
12
25
0222
2111
12
42123
323
123
232
3332
234
2348
23
21
5971
18768
67867
657
968
96
7577
486
666
88
667
866777567
6645645
85
8556
86
65
87
67
646778
5678
567
578
568
566356
35678
456
65
3
545
56
6756
67
622
345
35
4565
6
563
7
48
37
65
5
84
25
54
37
637
456
3246
67
54
50
56
84
2346
458
67
34
478
56
478
3467
78
478
34
4476
57
